0.0003389244
0.0121355698
0.0295279267
0.0362026630
0.0039183815
0.0078678886
0.0180667474
0.0012796127
0.0374338579
0.0014732838
0.0240255923
0.0787134705
0.0329275463
0.2115234307
0.0002524641
0.0122289469
0.0004668857
0.1206190559
0.0719349818
0.1271035795
0.0141379907
0.0373716064
0.0092927546
0.0008576863
0.0395884489
0.0011101504
0.0696005533
0.0748272968
0.0063270708
0.0000968429
0.0024372135
0.3350280844
0.0000161405
0.0000484215
0.0011943960
0.0378494415
0.0039867002
0.0000322810
0.0939053522
0.0004842146
0.0001452644
0.0902253212
0.0000000000
0.0000000000
0.0933081542
0.0097649945
0.0063593518
0.1532216412
0.0000322810
0.0002421073
0.0000000000
0.0806701530
0.0000000000
0.0097972755
0.1169359868
0.0032998809
0.0086749447
0.0045359188
0.1929693258
0.0000000000
0.0000000000
0.1827748483
0.0428644327
0.0000000000
0.0582978965
0.0418778704
0.0001474174
0.0000453592
0.2036060555
0.0000000000
0.0014061348
0.0340193911
0.0006236888
0.0520156489
0.0322617225
0.0000226796
0.0000113398
0.0000113398
0.0090604978
0.0000000000
0.0145376198
0.0358285049
0.0003345332
0.0003813678
0.0052454805
0.1119080435
0.0016258313
0.0059413095
0.0003278425
0.0684588725
0.0001204319
0.0003077705
0.0068713118
0.0027766255
0.0027966975
0.0745473766
0.0002207919
0.0000000000
0.0220658094
0.0435562216
0.0002943892
0.0192289679
0.0027900068
0.0034323106
0.0000000000
0.0161111185
0.0000000000
0.5748283845
0.0623363439
0.0018559804
0.0140897981
0.0332354658
0.0397984808
0.0084793707
0.0046108814
0.0015854098
0.0121622619
0.0001341673
0.0016524934
0.0404201224
0.0188281385
0.0881344714
0.0036717106
0.0088684557
0.0008430176
0.1314973290
0.0790289868
0.0350914462
0.0043380747
0.0121331923
0.0059458456
0.0094900973
0.0118335521
0.0001878342
0.3697470724
0.0964528789
0.0001117790
0.0001117790
0.0006085747
0.0848899598
0.0458542402
0.0000372597
0.0000248398
0.0697749516
0.0000000000
0.0000248398
0.0262308113
0.0000745194
0.0000745194
0.2172363257
0.0001366188
0.0000000000
0.0751527647
0.0025088181
0.0236474738
0.0286402703
0.0000000000
0.0001614586
0.0000000000
0.0021113816
0.0000000000
0.3261339361
0.0599275649
0.0034311354
0.0001612927
0.0093403129
0.1414390240
0.0002199446
0.0077567120
0.1364976026
0.0474053872
0.0000293259
0.0000733149
0.0369946773
0.0034457983
0.0157040426
0.1298259505
0.0002639335
0.0000000000
0.0804997141
0.0281089166
0.0031818648
0.0390914823
0.0000439889
0.0001466297
0.0000000000
0.0016422528
0.0000000000
0.2547691315
0.1872688586
0.0008907915
0.0001519834
0.0036264924
0.3505665603
0.0006543729
0.0000253306
0.0001266528
0.1389043687
0.0000042218
0.0000126653
0.0008654609
0.0012918588
0.0033478562
0.1021623858
0.0000675482
0.0000337741
0.0089796849
0.0032718645
0.0266984143
0.0135180776
0.0000295523
0.0003504061
0.0000000000
0.0272261344
0.0000000000
0.1299246838
0.0232213867
0.0080239380
0.0398519627
0.0287649120
0.0407181385
0.0250364188
0.0272254813
0.0000866176
0.0020473247
0.0000000000
0.0094176936
0.0680499232
0.0398322769
0.2117524312
0.0388637348
0.0080318123
0.0003189102
0.0472183944
0.1449702744
0.1162092996
0.0099413363
0.0220677979
0.0001378007
0.0017835348
0.0000000000
0.0027914485
0.0836371511
0.1000209249
0.0000000000
0.0000000000
0.0000000000
0.2919020716
0.0000000000
0.0000000000
0.0000000000
0.0027202344
0.0000000000
0.0000000000
0.0000000000
0.0000000000
0.0000000000
0.2935760619
0.0000000000
0.0000000000
0.0000000000
0.0000000000
0.0000000000
0.3117807073
0.0000000000
0.0000000000
0.0000000000
0.0000000000
0.0000000000
0.0000000000
0.0128502033
0.0006495707
0.0001976954
0.0185268866
0.3060890194
0.0018075011
0.0000282422
0.0004236331
0.1695097153
0.0000000000
0.0000282422
0.0130196566
0.0005366019
0.1043831902
0.0032196114
0.0002541798
0.0000000000
0.0013273836
0.0602406236
0.0005648441
0.0005930863
0.0000847266
0.0012144148
0.0000000000
0.0026830095
0.0000000000
0.3017679620
0.0748916298
0.0026173545
0.0039642628
0.0676747893
0.1431545886
0.0153041719
0.0004705356
0.0001823326
0.0883724760
0.0000000000
0.0060757915
0.1834324399
0.0033055129
0.0011881025
0.1147989342
0.0041171869
0.0000058817
0.0010175333
0.0212564478
0.0144395626
0.0189684682
0.0059640393
0.0005705245
0.0000000000
0.0399308313
0.0000176451
0.1882789571
0.1660984101
0.0230413093
0.0000269174
0.0042439795
0.2531942002
0.0026827693
0.0000358899
0.0000897247
0.0682535980
0.0000000000
0.0000000000
0.0014894304
0.0154505976
0.0050335570
0.0925689983
0.0324624053
0.0000000000
0.0020636687
0.0169131106
0.0003319815
0.0354951010
0.0000897247
0.0004665686
0.0000000000
0.1203926354
0.0000000000
0.1595754226
0.0237727224
0.0017018688
0.0415313530
0.1876577517
0.0844069357
0.0049987257
0.0977135763
0.0009989230
0.0273367809
0.0012579030
0.0121597290
0.0057510010
0.0011551331
0.0087066620
0.1081221070
0.0004604089
0.0012620138
0.0032023086
0.0372602379
0.0889452524
0.0048425155
0.0022157180
0.0009619258
0.0000164432
0.0124433738
0.0006947242
0.2404239051
0.0053973299
0.0068912905
0.0065416402
0.0229815639
0.0052670057
0.0655212969
0.0034869676
0.0026859504
0.0075874126
0.0008518754
0.0085092181
0.0329434202
0.0529307057
0.1073553719
0.0369294342
0.0116719644
0.0000667514
0.1290591227
0.0262142403
0.0609917355
0.1764367451
0.0183312142
0.0551684679
0.0008423395
0.0054958678
0.0004259377
0.1494151303
0.1269841270
0.0005302408
0.0005131363
0.0056958128
0.1825738916
0.0003078818
0.0000513136
0.0349616858
0.0657156541
0.0000000000
0.0003591954
0.0780822386
0.0002907772
0.0000855227
0.1260946907
0.0355774494
0.0000171045
0.1665127258
0.0170190203
0.0259133826
0.0384168035
0.0000171045
0.0005131363
0.0000000000
0.0110324302
0.0000000000
0.0827346743
0.0000000000
0.0000000000
0.0000000000
0.0000000000
0.0000000000
0.0000000000
0.0000000000
0.0000000000
0.0000000000
0.0000000000
0.0000000000
0.0000000000
0.0000000000
0.0000000000
0.0000000000
0.0000000000
0.0000000000
0.0000000000
0.0000000000
0.0000000000
1.0000000000
0.0000000000
0.0000000000
0.0000000000
0.0000000000
0.0000000000
0.0000000000
0.0585502640
0.0033296337
0.0126963307
0.0543545892
0.1870943060
0.0037542461
0.0098123297
0.0009375105
0.0720495745
0.0002732654
0.0085679212
0.0113468200
0.0124651061
0.0158662093
0.0821645983
0.0035608583
0.0001303266
0.0160974338
0.0580415700
0.0475229543
0.0223783338
0.0091691050
0.0030143275
0.0000000000
0.0249596408
0.0000084082
0.2818543369
0.0328608894
0.0029599701
0.0135949781
0.0062733695
0.1039563997
0.0007671022
0.0007269397
0.0641273309
0.0512753575
0.0000361462
0.0026748170
0.0074380796
0.0033294644
0.0009237356
0.0559181329
0.0229126588
0.0004176891
0.0001646659
0.0406162521
0.1301824579
0.0258967264
0.0000160650
0.0124423167
0.0000000000
0.0028234179
0.0000040162
0.4176610212
0.0317307255
0.0002092336
0.0044575847
0.0000485179
0.0757910697
0.0004700174
0.0001182625
0.3438950800
0.0485725116
0.0000667122
0.0000060647
0.0107679478
0.0006701539
0.0012978546
0.0895095141
0.0001758775
0.0000030324
0.0341717838
0.0194132363
0.0131877795
0.0145947995
0.0000272913
0.0060768706
0.0000121295
0.0121143204
0.0001212948
0.2924903343
0.0091045158
0.0106632958
0.0494854475
0.0171465796
0.0382637828
0.0071579796
0.0317262131
0.0000155102
0.0165571902
0.0000077551
0.0094379861
0.0778149162
0.0223580231
0.0862292260
0.0027608242
0.0301364126
0.0000000000
0.1798335750
0.1474636866
0.1100839880
0.0000310205
0.0001395922
0.0000620410
0.0003722460
0.0009538803
0.0002559191
0.1519383933
0.0628976017
0.0000000000
0.0000000000
0.0201495914
0.6952806835
0.0000000000
0.0000000000
0.0000000000
0.1543293673
0.0000000000
0.0000000000
0.0001064708
0.0001597061
0.0009582368
0.0459155155
0.0000000000
0.0000000000
0.0007719130
0.0019164737
0.0000000000
0.0014373553
0.0000000000
0.0000000000
0.0000000000
0.0093694269
0.0000000000
0.0067076579
0.1024834993
0.0010627587
0.0001678040
0.0048551292
0.1597494127
0.0011634411
0.0000783085
0.1858597159
0.2216914644
0.0000000000
0.0003244211
0.0039042398
0.0002684864
0.0427788343
0.1067009733
0.0000447477
0.0000000000
0.0156505202
0.0198456203
0.0007607115
0.0000447477
0.0000111869
0.0001118693
0.0000000000
0.0003467949
0.0000000000
0.1320953127
0.0409897998
0.0001888931
0.1001133359
0.0120891575
0.2776728372
0.0107669059
0.0003777862
0.0049112202
0.2081601813
0.0000000000
0.0000000000
0.0007555723
0.0001888931
0.0000000000
0.0020778240
0.0670570457
0.0022667170
0.0000000000
0.0007555723
0.1630147337
0.0037778617
0.0001888931
0.0003777862
0.0015111447
0.0009444654
0.0000000000
0.1018133736
0.0057645438
0.0013139769
0.0011762213
0.0034015047
0.0453851860
0.0006463919
0.0002225283
0.0004874430
0.0062943732
0.0000000000
0.0000423864
0.0024478118
0.0048002543
0.0005404260
0.2442301579
0.0015788916
0.0000105966
0.0085938328
0.0303380312
0.0026809367
0.0000105966
0.0001483522
0.0006569884
0.0000317898
0.0000211932
0.0000211932
0.6391543923
0.1974248927
0.0000000000
0.0000000000
0.0588595953
0.4800735745
0.0000000000
0.0000000000
0.0000000000
0.0331085224
0.0000000000
0.0000000000
0.0153280196
0.0024524831
0.0006131208
0.0852237891
0.0000000000
0.0000000000
0.0000000000
0.0000000000
0.0000000000
0.0042918455
0.0061312078
0.0079705702
0.0000000000
0.0183936235
0.0337216432
0.0564071122
0.0948240511
0.0506203915
0.0383992621
0.0330138303
0.0211205388
0.0408830508
0.0232698217
0.0674690360
0.0690659954
0.0037273500
0.0105408214
0.0329282591
0.0619558030
0.0297643457
0.0481610517
0.0307267443
0.0026427067
0.0159006929
0.0733189974
0.1400756805
0.0101451933
0.0063667228
0.0662877083
0.0000177810
0.0286874816
0.0000866826
0.0000000000
